
0
0
0
0
0
0
0
0
0
0
0
0
0
0
0
0
0
0
0
0
0
0
0
0
0
0
0
0
0
0
0
0
0
0
0
0
0
0
0
0
0
0
0
0
0
0
0
0
0
0
0
0
0
0
0
0
0
0
0
0
0
0
0
0
0
0
0
0
0
0
0
0
0
0
0
0
0
0
0
0
0
0
0
0
0
0
0
0
0
0
0
0
0
0
0
0
0
0
0
0
0
0
0
0
0
0
0
0
0
0
0
0
0
0
0
0
0
0
0
0
0
0
0
0
0
0
0
0
0
0
0
0
0
0
0
0
0
0
0
0
0
0
0
0
0
0
0
0
0
0
0
0
0
0
0
0
0
0
0
0
0
0
0
0
0
0
0
0
0
0
0
0
0
0
0
0
0
0
0
0
0
0
0
0
0
0
0
0
0
0
0
0
0
0
0
0
0
0
0
0
0
0
0
0
0
0
0
0
0
0
0
0
0
0
0
0
0
0
0
0
0
0
0
0
0
1
2
4
5
7
10
12
14
17
20
24
27
31
35
39
45
50
55
62
69
76
85
93
102
112
124
135
149
161
176
192
209
222
242
260
279
302
320
317
351
397
419
462
448
500
518
527
530
532
533
534
535
535
535
535
535
536
535
535
535
535
535
535
535
535
535
535
535
535
535
535
535
535
535
535
535
534
534
534
534
535
534
534
534
534
535
534
534
534
534
534
534
534
533
533
533
533
533
533
533
533
533
533
533
533
533
533
533
533
533
533
533
533
533
533
533
532
532
532
532
532
532
532
532
532
532
532
532
532
532
532
532
532
532
532
531
531
532
532
532
532
532
531
532
531
531
531
531
531
531
531
531
531
531
531
531
531
531
531
531
531
531
531
530
530
530
531
531
531
531
531
531