
0
0
1
2
4
5
6
7
8
10
11
12
14
15
16
17
19
20
21
22
24
25
27
28
29
30
31
33
34
35
36
37
38
40
41
42
43
44
46
47
48
50
51
52
53
55
56
57
58
60
61
62
63
64
66
67
68
69
70
71
73
74
75
76
77
79
80
81
82
84
85
86
87
89
90
91
92
94
95
96
97
98
99
100
102
103
104
105
106
107
109
110
111
113
114
115
116
118
119
120
122
123
124
125
126
128
129
130
131
132
133
135
136
137
138
139
141
142
143
145
146
147
148
149
151
152
153
155
156
157
158
159
160
162
163
164
165
166
167
169
170
171
172
174
175
176
177
179
180
181
182
184
185
186
187
188
190
191
192
193
195
196
197
198
199
200
202
203
204
205
206
208
209
210
212
213
214
215
217
218
219
220
221
223
224
225
226
227
228
229
231
232
233
234
236
237
238
240
241
242
243
245
246
247
249
250
251
252
253
254
255
257
258
259
260
261
263
264
265
266
268
269
270
272
273
274
275
277
278
279
280
281
283
284
285
286
288
289
290
292
293
294
296
297
299
300
302
303
304
305
307
309
310
312
314
316
317
319
330
313
313
328
337
343
330
328
330
331
333
334
335
336
337
339
340
341
342
344
345
346
348
348
350
351
353
353
355
356
357
358
359
361
362
363
364
365
367
368
369
370
372
373
374
375
377
378
379
381
382
383
384
385
386
387
389
390
391
392
393
395
396
397
398
400
401
402
403
404
406
407
408
409
411
412
413
415
416
417
418
419
421
422
423
424
425
427
427
429
430
431
433
434
435
437
438
439
440
441
443
444
445
446
447
449
449
451
452
453
454
455
456
458
459
460
461
463
464
465
466
468
469
470
472
473
474
475
476
477
478
480
481
482
483
484
486
487
488