
3
4
3
4
3
4
3
4
3
4
4
4
3
4
3
4
4
3
3
4
4
3
4
4
3
3
4
3
3
3
3
4
4
4
3
4
4
3
4
4
4
4
3
3
4
3
3
4
4
4
3
4
3
3
4
4
4
3
4
4
4
3
3
4
4
4
4
3
4
4
4
4
4
4
3
3
3
4
4
4
3
4
4
4
4
4
3
4
3
4
3
4
4
4
4
4
4
3
4
3
4
4
3
4
4
4
4
4
3
3
4
4
4
4
4
3
4
4
3
4
3
4
4
4
3
4
4
4
4
3
4
4
3
4
4
4
3
4
4
3
3
3
4
4
4
3
4
3
4
4
4
4
3
4
4
4
3
4
4
4
4
3
3
4
4
4
4
4
3
4
4
4
4
4
4
4
4
3
4
4
4
4
4
4
4
4
4
4
4
4
4
4
4
4
4
4
4
4
4
4
4
4
4
4
5
5
5
5
5
6
6
6
7
7
7
8
9
9
10
11
12
13
14
16
17
19
21
23
25
28
31
34
37
41
45
49
54
59
65
71
77
84
93
101
111
122
132
145
159
175
190
206
227
250
269
293
322
354
413
413
441
464
475
508
520
536
543
546
548
549
550
550
551
551
552
552
552
552
552
552
552
552
552
552
552
552
552
552
552
552
552
552
552
552
552
552
552
552
552
552
552
552
551
551
551
551
552
551
551
551
551
551
551
551
551
551
551
551
551
551
550
551
551
551
550
550
550
551
550
550
550
550
550
550
550
550
550
550
550
550
550
550
550
550
550
550
550
550
550
549
549
549
550
550
549
549
549
549
549
549
549
549
549
549
549
549
549
549
549
549
549
549
549
549
549
549
549
548
549
549
548
548
549
549
548
548
548
548
548
548
548
548
548
548
548
548
548