
0
1
2
4
5
6
8
9
10
11
12
14
15
16
18
19
20
21
23
24
25
26
28
29
30
32
33
34
35
36
38
39
40
41
42
44
45
46
47
48
50
51
52
53
55
56
57
59
60
61
62
64
65
66
67
68
69
70
72
73
74
75
76
78
79
80
81
83
84
85
86
88
89
90
91
93
94
95
96
97
99
100
101
102
103
104
105
107
108
109
110
112
113
114
115
117
118
119
121
122
123
124
126
127
128
129
130
132
133
134
135
136
137
139
140
141
142
144
145
146
147
149
150
151
153
154
155
156
157
159
160
161
162
163
164
166
167
168
169
170
172
173
174
175
177
178
179
181
182
183
184
185
187
188
189
191
191
193
194
195
196
197
199
200
200
202
203
205
206
207
208
210
211
212
213
215
216
217
219
220
221
222
223
224
225
227
228
229
230
231
233
234
235
236
238
239
240
241
243
244
245
247
248
249
250
252
253
254
255
257
257
259
260
261
262
263
265
266
267
268
270
271
272
273
275
276
277
279
280
281
282
284
285
286
287
289
290
291
293
294
295
297
298
299
301
303
304
306
307
309
311
312
313
315
317
319
315
317
336
317
320
336
345
330
330
331
333
334
336
337
338
340
341
342
343
345
346
347
348
349
351
352
353
354
356
357
358
359
360
361
362
364
365
366
367
369
370
371
372
374
375
376
378
379
380
381
382
384
385
386
387
388
389
391
392
393
394
395
396
398
399
401
402
403
404
405
406
408
409
411
412
413
414
415
417
418
419
420
421
423
424
425
426
427
429
430
431
432
434
435
436
437
439
440
441
443
443
445
446
447
448
449
450
452
453
454
455
457
458
458
459
461
462
464
465
466
467
469
470
471
472
474
475
476
477
479
480
481
482
483
484
486
487
488
489
491
491